net-update-time  	IT-update-time 	build-connect-time 	owl-update-time

1 hosts
954	11064	1	1411	
396	10917	2	1109	
445	10635	1	914	
315	10580	1	927	
311	10575	1	881	
319	10579	1	922	
330	10578	1	941	
313	10572	2	897	
334	10587	2	943	
317	10577	1	906	
314	10604	2	895	

2 hosts
345	21210	3	1159	
320	21032	4	956	
320	21012	2	941	
322	21029	3	1142	
311	21009	1	962	
327	21001	2	906	
303	21024	3	952	
317	21041	3	922	
308	21021	4	906	
315	21012	3	1177	
314	21053	4	909	
315	21023	3	927	
303	21017	3	914	
311	21027	3	959	

3 hosts
311	31630	3	994	
489	31527	2	983	
314	31458	1	952	
303	31461	2	1014	
300	31501	3	1008	
300	31454	3	1104	
316	31469	2	977	
299	31460	2	1013	
319	31469	3	997	
303	31451	2	1078	

4 hosts
301	41898	4	1119	
298	41812	2	993	
335	41834	4	986	
288	41835	4	1126	
274	41834	5	1236	
299	41854	4	990	
293	41833	2	1225	
302	41830	3	1102	
283	41824	3	1160	
294	41849	4	970	
300	41802	4	1012	
299	41840	2	1034	

5 hosts
292	52222	4	1034	
304	52174	4	1010	
290	52208	4	1004	
299	52274	4	1281	
342	52179	4	1027	
288	52194	3	1055	
492	52523	4	1017	
297	52199	4	1066	
297	52215	4	985	
284	52199	4	992	
295	52266	4	1065	
287	52223	2	985	

6 hosts
284	62712	3	1228	
288	62678	3	1017	
306	62682	3	1067	
288	62868	2	1094	
287	62699	2	1059	
295	62656	3	1066	
288	62684	4	1010	
288	62694	3	1267	
289	62674	3	1006	
295	62718	3	1057	
299	62687	3	1053	
317	62670	3	1073	

7 hosts
418	73854	23	1127	
313	73167	5	1186	
323	73274	4	1128	
350	73534	17	1487	
521	73574	4	1362	
315	73073	4	1370	
305	73181	3	1096	
307	73152	5	1086	
300	73261	4	1073	
455	73413	2	1132	
307	73090	4	1056	
294	73101	4	1117

8 hosts
356	83832	3	1154	
319	83522	3	1141	
306	83625	3	1101	
311	83495	3	1243	
304	83490	2	1094	
303	83466	2	1300	
297	83490	3	1358	
349	83502	3	1080	
302	83476	3	1350	
307	83532	4	1113	
328	83528	3	1110	
312	83515	4	1158	
306	83520	4	1091	
314	83505	3	1321	
324	83610	3	1184	

9 hosts	
311	134472	4	1393	
592	94024	2	1516	
380	94468	4	1130	
321	93994	2	1398	
587	96880	4	2016	
464	94394	5	1301	
305	93914	3	1122	
316	93989	3	1140	
362	93954	3	1156	
389	93967	2	1123	
314	94006	2	1128	
313	94007	4	1124	
324	94121	4	1333	
305	93931	3	1122	
709	94757	2	1806	
680	94402	2	1776	

Second Run with improved graph

0host
301	7	1	761	
55	0	0	126	
47	0	0	110	
44	0	0	93	
41	0	0	76	
44	0	0	75	
43	0	0	62	
38	0	0	69	
40	0	0	91	
40	0	0	57	

1 host
285	10679	1	1043	
55	10492	0	229	
50	10390	0	143	
51	10391	0	110	
51	10384	0	110	
52	10381	1	101	
49	10393	0	84	
43	10387	0	106	
46	10392	0	84	
54	10386	0	77	

2host
522	21388	2	870	
65	20807	1	204	
63	20818	1	201	
51	20838	0	133	
54	20813	1	124	
49	20837	0	113	
54	20821	0	109	
52	20824	1	97	
55	20823	0	102	
52	20832	0	81	

3host
279	31483	2	942	
69	31276	1	231	
59	31290	1	189	
70	31270	0	150	
60	31290	1	129	
56	31285	1	122	
55	31294	0	108	
54	31279	1	122	
63	31284	1	97	
56	31267	0	89	

4host
280	41870	2	972	
70	41653	1	249	
267	41881	1	197	
69	41660	1	168	
70	41651	1	131	
65	41658	1	119	
61	41662	0	116	
57	41647	1	126	
61	41673	1	117	
62	41667	0	89	

5host
277	52225	2	981	
73	51982	1	254	
70	52024	2	225	
74	52098	1	157	
66	52016	1	163	
63	52013	1	135	
63	52029	1	138	
82	52024	0	107	
74	52009	1	119	
70	52009	1	99	

6host
472	63228	3	1147	
90	62585	1	327	
77	62455	1	257	
69	62498	1	175	
66	62470	1	148	
55	62484	1	175	
70	62456	1	116	
55	62471	1	116	
66	62503	2	109	
56	62498	1	131	

7host
930	74047	4	1552	
79	72969	2	291	
75	72922	2	233	
67	72955	1	183	
72	72933	1	162	
71	73143	0	134	
250	72928	1	124	
68	72910	1	114	
57	72959	1	121	
62	72900	1	117	

8host
499	84154	1	1865	
82	83310	1	312	
86	83287	1	241	
74	83288	1	211	
79	83310	1	218	
79	83287	1	139	
69	83293	1	130	
77	83294	2	127	
73	83275	2	127	
70	83411	2	138	

9host
718	94609	3	1765	
89	93745	2	419	
84	93735	2	323	
75	93719	1	209	
80	93764	2	158	
83	93725	1	161	
79	93687	1	146	
75	93725	1	147	
84	93810	1	131	
89	93744	1	194	

Mininet
0hosts
255	5	2	843	
64	0	0	212	
57	0	0	126	
59	0	1	135	
57	0	0	88	
123	0	0	83	
49	0	0	79	
48	0	0	98	
52	0	0	72	
48	0	0	71	
49	0	0	69	

1hosts
304	10896	2	963	
66	10333	1	206	
67	10337	1	168	
59	10339	1	136	
60	10352	0	117	
82	10335	1	111	
55	10360	0	108	
64	10335	1	78	
52	10337	1	85	
49	10335	1	81	
56	10339	0	75	

2hosts
284	20933	2	936	
73	20677	1	230	
68	20732	1	187	
60	20704	1	148	
61	20701	1	132	
62	20675	1	121	
65	20662	1	110	
56	20693	1	103	
62	20683	1	122	
63	20697	1	99	
60	20689	1	87	

3hosts
297	31345	4	1006	
78	31006	1	295	
73	31041	2	210	
67	31029	2	165	
69	31015	1	128	
60	31046	1	130	
57	30993	1	127	
67	31012	2	99	
62	31038	2	93	
65	31335	1	94	
63	31010	1	86	

4hosts
345	41791	3	1051	
81	41352	2	251	
72	41360	2	225	
73	41334	2	143	
71	41350	2	134	
74	41362	2	138	
69	41357	1	107	
73	41358	1	99	
69	41366	2	92	
66	41343	1	102	
63	41342	1	100	

5hosts
326	52118	3	1047	
82	51717	2	339	
85	51666	3	214	
74	51710	2	159	
74	51721	1	161	
76	51695	2	127	
72	51689	1	127	
69	51696	2	117	
71	51692	0	111	
71	51696	1	96	
78	51700	2	98	

6hosts
394	64660	5	1064	
85	62061	4	318	
82	62083	2	237	
84	62064	2	194	
78	62104	2	185	
76	62181	2	165	
78	62040	2	138	
77	62065	1	123	
78	62072	2	122	
73	62038	2	118	
75	62020	2	114	

7hosts
308	72758	3	1172	
91	72470	2	340	
88	72474	3	248	
81	72401	2	263	
82	72404	2	162	
83	72398	2	158	
77	72352	2	165	
78	72440	2	141	
78	72394	2	128	
374	72376	2	130	
79	72397	3	128	

8hosts
323	83242	5	1315	
97	82825	3	352	
95	82787	4	250	
86	82789	2	256	
87	82808	2	169	
83	82776	2	168	
78	82759	2	149	
96	82794	2	142	
85	82748	3	149	
87	82759	2	147	
78	82723	2	140	

9hosts
401	93546	5	1539	
106	93139	4	340	
93	93163	4	330	
95	93154	2	229	
94	93192	3	205	
89	93181	2	182	
94	93113	3	165	
84	93053	1	174	
86	93073	1	168	
93	93097	2	164	
83	93148	3	157	

Mininet
topo-1-4-24
0hosts
267	5	2	877	
60	0	1	128	
58	0	1	86	
53	0	1	98	
47	0	1	63	
48	0	0	59	

1hosts
271	10708	2	912	
68	10325	1	145	
70	10321	2	97	
57	10323	1	92	
98	10320	1	84	
59	10329	1	89	

2hosts
376	20989	2	969	
71	20660	2	147	
71	20658	2	103	
61	20657	1	85	
57	20649	0	79	
62	20648	0	63	

3hosts
273	31340	3	974	
77	30995	2	173	
70	30984	2	123	
65	30993	1	109	
65	31001	1	87	
70	30993	1	70	

4hosts
292	41624	3	1176	
84	41313	2	179	
73	41325	2	112	
62	41290	1	96	
70	41334	1	118	
72	41335	1	87	

5hosts
291	51973	3	1264	
89	51636	3	183	
86	51659	2	131	
74	51743	2	104	
73	51671	1	86	
72	51667	1	98	

6hosts
293	62348	2	1103	
88	62052	3	298	
89	61994	2	140	
77	61996	1	137	
81	62015	1	96	
85	62027	1	90	

Increased virtualbox VM capacieties
0hosts
267	5	2	877	
60	0	1	128	
58	0	1	86	
53	0	1	98	
47	0	1	63	
48	0	0	59	

1hosts
267	10738	2	894	
66	10402	1	135	
60	10396	1	90	
59	10396	0	92	
56	10394	1	69	
55	10412	1	73	

2hosts
273	21101	3	929	
67	20793	2	179	
70	20804	2	108	
64	20788	1	84	
58	20813	1	73	
63	20794	1	56	

3hosts
273	31507	4	969	
81	31196	1	173	
76	31209	2	119	
64	31215	1	109	
266	31199	0	77	
62	31210	1	65	

4hosts
304	41932	4	1097	
82	41590	2	176	
77	41620	2	128	
70	41587	1	96	
69	41593	1	94	
72	41624	1	77	

5hosts
284	52491	4	1065	
86	52020	2	173	
76	52044	2	135	
76	52022	2	103	
72	52016	0	81	
78	52006	1	78	

6hosts
294	62791	3	1088	
91	62460	3	201	
88	62460	2	124	
79	62391	1	115	
81	62451	1	95	
279	62445	1	91	

7hosts
298	73253	3	1149	
95	72858	2	195	
88	72893	2	133	
87	72871	2	112	
81	72904	1	104	
84	72871	1	105	

8hosts
308	83600	7	1204	
95	83299	4	211	
88	83330	2	139	
85	83328	2	121	
86	83333	2	115	
86	83339	2	121	

9hosts
312	94386	7	1233	
102	93751	5	207	
100	93744	3	162	
96	93847	1	145	
92	93727	1	129	
87	93832	2	127	

10hosts
320	94488	9	1686	
105	94212	3	214	
102	94165	2	178	
94	94150	2	137	
99	94179	1	130	
94	94133	1	129	

11hosts
324	94903	6	1342	
120	94623	4	212	
101	94607	2	160	
107	94725	1	165	
95	94684	1	147	
104	94642	1	145	

12hosts
355	95923	7	1307	
117	95048	5	269	
192	95101	2	173	
105	95129	2	161	
103	95075	2	153	
112	95100	1	163	

13hosts
340	95935	11	1357	
116	95553	5	227	
115	95521	2	178	
108	95498	1	169	
113	95472	1	165	
106	95451	2	166	

14hosts
357	96338	5	1336	
121	95965	4	247	
117	95983	2	191	
115	95916	2	175	
121	95963	2	170	
111	95882	2	176	

15hosts
341	96802	5	1351	
128	96408	5	262	
124	96404	3	198	
116	96343	2	188	
151	96301	0	184	
120	96430	1	178	

16hosts
361	97173	5	1414	
135	96957	5	272	
125	96914	3	207	
119	96759	2	192	
119	96787	2	191	
121	96710	2	194	

17hosts
370	97716	9	1569	
131	97311	6	285	
132	97191	3	217	
129	97290	3	211	
128	97256	2	208	
124	97197	4	208	

18hosts
363	98105	10	1526	
161	97671	6	291	
135	97700	3	222	
133	97699	2	228	
130	97759	3	222	
133	97663	2	215	

19hosts
370	98564	6	1653	
146	98192	6	298	
141	98232	3	238	
306	98074	3	231	
132	98085	2	234	
147	98059	2	227	

20hosts
381	99032	9	1606	
146	98567	6	337	
137	98654	1	251	
139	98628	4	246	
142	98620	3	240	
140	98498	2	235	

21hosts
388	99347	9	1592	
146	99014	5	322	
199	98962	4	270	
144	98918	4	257	
145	99078	3	260	
141	99012	3	255	

22hosts
393	99875	13	1578	
161	99466	6	337	
210	99431	1	280	
209	99388	3	270	
147	99382	3	267	
318	99470	3	266	

23hosts
389	100494	12	1807	
171	99968	7	330	
161	99981	4	292	
154	99904	3	284	
155	99984	3	276	
158	99872	3	277	

24hosts
397	100765	12	1722	
162	100421	7	338	
165	100263	3	307	
155	100401	3	301	
154	100175	3	293	
152	100340	3	293	
362	94172	6	1564	
352	93993	6	1275	
354	94247	6	1293	
633	94521	5	1349	
814	94410	8	1342	
1048	12127	3	1726	
334	10803	3	1102	
332	10614	5	1109	
357	21161	6	1140	
337	21000	6	1159	
335	20990	4	1069	
331	21025	6	1042	
353	94943	7	1367	
361	94044	7	1439	
768	94665	6	2277	

mininet/VBox
32hosts
847	94171	15	2271	
509	125607	13	2159	
374	93695	5	1870	
423	93963	8	1430	
